-1.679875093530561886e-02, -1.166525615599057764e-01, 8.661568324898617777e-02, 9.203960172643449456e-02, -1.205527256663620726e-02, 6.749483557048530091e-02, 9.499778057212661386e-02, -7.724218728766786557e-02, 4.067221565798950778e-02, -9.703023080001432418e-03, -1.138154536890770702e-01, 1.645018377657711528e-01, 3.141815425858287408e-02, 8.693554289124831580e-02, -2.039395051161300709e-01, 1.207270998375409819e-02
-7.465229104082110601e-02, 1.117916789323348051e-02, -4.314493995300899831e-02, -2.655550600866555394e-02, -1.226968096418106120e-02, -5.492608052462474161e-02, -3.714781484076635359e-02, -5.829062554474286756e-02, -8.496677553475120992e-02, -8.676124775460217209e-02, 1.604465639200587657e-02, -4.615410827390901277e-02, -3.958699826782585696e-02, -1.054672404244201833e-01, 6.831584032948863350e-02, -9.543709640198340394e-02
-1.883173837316888810e-01, 6.190586356592155948e-01, -4.336273613950726302e-01, -4.575749708566722584e-01, 1.065295202031382588e-01, -3.059189676241191314e-01, -5.111480908716663496e-01, 3.104913593411292583e-01, -2.980915922742417012e-01, -2.019402637237148190e-01, 3.573039031366802565e-01, -1.062083891167491245e+00, -1.747642773392602544e-01, -3.080828874002433104e-01, 1.185685978583382871e+00, 2.052681259689812659e-02
-1.394433857299795521e-01, 3.991450208195775895e-01, -2.861441579668428381e-01, -3.227826545952503512e-01, 5.500125327546892540e-02, -1.981020499544748348e-01, -2.602124367442647523e-01, 2.256844799639191046e-01, -1.892661993095540729e-01, -1.546908036795410779e-01, 2.336641554208554183e-01, -7.132435620023878098e-01, -1.113622963015876849e-01, -1.499463463243980721e-01, 7.807885851250591092e-01, 2.680694101328618892e-02
-6.177861763321771012e-03, 1.044026855030956574e-01, -7.703752329555804690e-02, -7.998391800360070414e-02, 3.503947322148229238e-02, -6.172473900633337895e-02, -1.085315499882774232e-01, 5.592306056027868816e-02, -3.177728903884129152e-02, -3.136627197528132210e-02, 3.775973791539267294e-02, -1.726481429051755778e-01, 1.420678486366069859e-02, -7.523571506927018322e-03, 1.997463301486583909e-01, -1.756195338560221503e-02
-6.357181039966102419e-03, 3.848979951017560130e-02, -4.503326710409605999e-02, 1.782657261894008641e-05, -1.878623789484917123e-02, 3.985960773415229627e-03, -1.888541445737970930e-03, 1.687823119015937484e-02, -2.225150319566291182e-02, 2.707085263694163774e-02, -2.100023836129485955e-02, -1.603869762552860567e-02, 2.123961388015313881e-02, 2.166682531820272352e-03, 3.754312263507013359e-02, -2.987630811842132555e-02
-2.410473796231099933e-02, -4.173892268302541869e-02, -1.764215612055483520e-03, -2.691278017856005636e-02, -3.244247158006490633e-02, 3.175898179189334120e-02, 3.326749798672470546e-03, 1.329664020456189366e-02, 1.180823938944997606e-03, 1.232673993504211640e-02, 2.952562109235381052e-02, 6.297628416862912672e-03, 2.544917026225290441e-03, 3.639018166524788517e-02, -5.671735834234243462e-02, 1.845659322988908030e-02
6.441545361942942541e-03, 1.547694974613547658e-02, -3.099149242116689199e-02, 2.601895471420491435e-02, -1.363708478324324354e-02, -4.887694335289312353e-02, 2.424874170805286361e-02, 3.409961421983693369e-02, -3.457846335943984967e-02, -1.314806595285614686e-02, 5.069071763677357977e-03, 1.122738644202787156e-02, 1.490263893502021507e-02, -1.376708529537372036e-02, 5.308163056037579902e-02, -1.379410200199514616e-02
-2.692973947491060158e-02, -1.094488075502998425e-01, 9.186538990820469763e-02, 3.586286329212879515e-02, -2.080418876479331325e-02, 5.715284951928495394e-02, 7.394317746713986728e-02, -2.310355118032663552e-02, 5.910921904598839122e-02, 2.485011576775624995e-02, -5.478139640489942258e-02, 1.771170596081259319e-01, 1.643030268159266505e-02, -5.128249908338976606e-03, -1.932161140413050371e-01, -2.299313705140631353e-02
-3.626558047740689652e-03, 4.670654653883610230e-02, 1.445718658392264886e-03, -7.662197280970423942e-03, -2.130594985328366359e-02, -3.947361764212507090e-02, 1.307299781055180563e-02, -5.239468564367317366e-03, -1.681983559009514115e-02, -4.083656351546139512e-02, 4.164391526494802542e-02, -6.627029038136876549e-02, -1.131291583040988473e-02, 4.021650276323691237e-03, 8.216669611907080617e-02, -3.180638903474732743e-02
-5.077811921073059620e-02, 2.480262792977105391e-01, -2.180986456219477232e-01, -1.912770865179749813e-01, 2.537985402162101778e-02, -1.570286656944460957e-01, -1.940656942907163229e-01, 1.163688331503673068e-01, -1.595411908935838452e-01, -1.003769913026007765e-01, 1.383958777619950231e-01, -4.409286930544389915e-01, -1.569431641991132775e-02, -8.478358745633125804e-02, 5.355940950251758537e-01, -1.465755294017013349e-02
2.298381161614905521e-02, -3.259687464820331670e-01, 2.474768166241701206e-01, 2.476767250881859173e-01, -8.387896334859581970e-02, 1.614838792539997903e-01, 1.996665004533433041e-01, -1.817605815854970441e-01, 1.154349879400315276e-01, 1.075763178829083205e-01, -2.404554813583678619e-01, 6.143985817547417128e-01, 3.862721923367889998e-02, 6.880549890127889145e-02, -7.028131343392826080e-01, -1.178137058038249314e-02
-1.355982016355043451e-01, 4.616960456053235684e-01, -3.547073405329526086e-01, -3.020340137001721326e-01, 6.131492997613805646e-02, -2.195016737255105765e-01, -3.041324460288752363e-01, 2.103921617812976597e-01, -2.215448510199689025e-01, -1.538977159312862053e-01, 2.373900369358970530e-01, -7.464557297374737610e-01, -8.612464735515037995e-02, -1.741744329133758096e-01, 8.320310150418879225e-01, -1.135915770631664573e-02
2.840816469589481363e-02, -1.011827938749299827e-01, 2.757975608965834713e-02, 3.363929040974321383e-02, -4.928562379762297524e-02, 4.785620398300852868e-02, 8.162289070268897995e-02, -7.498822667041589451e-02, 3.170944312186767949e-02, 1.621124810178727754e-02, -8.897425792723566082e-03, 8.582047525162447843e-02, 7.950697867773226166e-03, 5.926254861258607037e-02, -1.482866527047735361e-01, -2.027722644379281042e-02
-1.166955108099790306e-01, 4.090050065345718355e-01, -2.811513853188968293e-01, -2.853908540291876794e-01, 9.220113338437102568e-02, -2.086362190895173774e-01, -2.459796952798346259e-01, 2.037219518644620142e-01, -1.307888715396552937e-01, -8.280866028948270785e-02, 2.025935679421078661e-01, -6.869580033728588386e-01, -6.287447651877833832e-02, -1.800977085684545009e-01, 8.028561238088043339e-01, -9.802940048957695107e-03
2.591271371899150910e-02, 1.538770897728335488e-02, -3.542438176455570825e-02, 1.731088832965042151e-02, -3.014948061065974780e-02, 4.824919399066158153e-03, -7.312367372616522879e-03, -1.678839176509485179e-02, 3.879358828141130783e-02, -6.937247747852073355e-03, -1.986631566511087507e-02, 5.640461906325279842e-03, 1.892368980070475038e-03, -3.892902746610543696e-02, -4.706608501126360866e-02, 2.784952249876660596e-02
-1.550317390132622923e-02, 2.814971981151704120e-02, -3.669694890344551985e-02, -9.405918883593442428e-03, -4.316435082269497875e-02, 2.003320217102984649e-02, 6.480877160764351823e-03, 2.957065563460753790e-02, -2.427064824600914938e-02, -2.278380699917145757e-02, -8.709125975131650627e-03, 2.164639141523791097e-02, 3.078754574143687667e-02, -3.219104750493700234e-02, 2.692447357264958485e-02, 2.426522572046525134e-02
-1.817008142917434302e-02, 1.405063123437315029e-02, 1.942983198506651257e-02, 6.303425478774666267e-03, 4.198277546101858437e-03, -2.475186779780748705e-02, 4.610789742652246503e-02, -4.159423455829851062e-03, -3.435434562116063996e-03, 3.140289289098702891e-02, 7.604087449735714641e-03, 3.608635746865614807e-02, 2.717333235912642447e-02, -4.274148099319642104e-03, -6.166016275499325988e-02, -3.344649380240313774e-02
-1.770028068615524947e-02, 5.069139786149934324e-02, -7.210282856949218333e-02, -4.749519641776589474e-02, 2.724533661548912342e-02, -5.886851294224471759e-02, -5.425896719104229826e-02, 5.875644347068074286e-02, -1.774254840684520024e-02, 5.173428906870470960e-03, 6.821608653940432199e-02, -9.786192849082117617e-02, 3.181944954735599525e-03, 1.155465817673860529e-02, 9.630509360439155897e-02, 2.944953510784711209e-02
-2.892750314029580647e-02, 4.933733157287385762e-02, -3.236641294601830948e-02, -6.153568326724739163e-02, 3.775056094612946195e-02, -1.561934847409503571e-02, -3.101236376949321420e-03, 1.756704983088537217e-02, -6.838259204332785245e-03, 6.045407588705061300e-03, 5.589466176976761597e-02, -1.341300609945233480e-01, -2.741226967916669463e-02, -3.534921559489512255e-02, 1.064752772969300987e-01, -1.899204749815635099e-02
2.088398673867093366e-02, -5.192276775835952957e-02, 2.382755447724317285e-02, 5.109432413588933103e-02, -4.021248591498362279e-02, 1.544006846781409599e-02, 3.095802202666613281e-02, 1.008907723373462205e-02, 1.050570757968145299e-03, -2.975875830377350956e-02, -5.006004687190331211e-03, 4.313030460743970396e-02, 3.168544735852948241e-02, 4.234537598001353320e-02, -3.575505111483923137e-02, 1.794624892513975792e-02
-1.847304709396111466e-01, 7.869891237119002181e-01, -5.727392548745370293e-01, -5.697250719522071183e-01, 1.001673420130280573e-01, -4.417434119033638029e-01, -6.140685784433553840e-01, 4.623971658613387770e-01, -3.610551675373931957e-01, -2.977988357497577399e-01, 4.857340292531743264e-01, -1.462127187237383330e+00, -1.408618792583505308e-01, -4.108165213806049265e-01, 1.552018044193372415e+00, -3.727350834956202202e-02
-2.993716913104058630e-01, 1.088287677843347900e+00, -8.127283026908668218e-01, -7.919153000214242955e-01, 1.991587993932978640e-01, -5.464308233650777558e-01, -7.955625320309682724e-01, 6.427215130014075628e-01, -5.403323497787336782e-01, -2.956825694741737065e-01, 6.917459305251044688e-01, -1.910009683618030696e+00, -2.016220778414278270e-01, -4.354380361754904838e-01, 2.108730693731254657e+00, 5.368981437513969945e-02
-1.356558764548440044e-01, 7.584721098749415136e-01, -5.468635553861831422e-01, -5.027819783520930397e-01, 1.704190643990610432e-01, -3.138158152896495245e-01, -5.096108436376340922e-01, 3.962957968743349713e-01, -3.465602745981584687e-01, -2.538001639667031850e-01, 4.539576286467075228e-01, -1.198789757391103272e+00, -1.142716466368972200e-01, -2.788972288728038817e-01, 1.401598299681272142e+00, 3.032214641780304684e-02
-8.479344614556034304e-03, 1.289113928255637698e-01, -6.010155746178037772e-02, -6.081569517400337022e-02, -2.781494305300954983e-02, -3.389459472584961663e-02, -1.068309158045999824e-01, 7.128708416295857775e-02, -5.053947840700185462e-02, -5.016687102354709486e-03, 9.435305707599843383e-02, -2.188447239452536164e-01, -5.599864217215792632e-03, -2.465351440884498008e-02, 2.172499965663350907e-01, -3.113951572438181450e-02
-5.102084796353845847e-02, 1.456644194369038081e-01, -1.165031073200740175e-01, -8.302893173845306285e-02, 1.904397324199479059e-03, -1.982885619401008465e-02, -1.207416559931825534e-01, 6.659437552150726525e-02, -8.947744752903252774e-02, -4.576349872539525743e-02, 4.720327960562800684e-02, -2.179696235159387374e-01, -5.397714428204972853e-02, -2.149206958971870002e-02, 2.654427733338145523e-01, -2.802977379122837537e-02
-1.782918166466692950e-03, 9.501368320704464687e-02, -1.079193951879589830e-01, -1.012358442036668388e-01, -1.337663858202449776e-02, -2.944437023794896358e-02, -4.988609202025488798e-02, 5.102349259711927432e-02, -2.365726252743222471e-02, -1.638933023957401354e-03, 5.141364591835177744e-02, -1.825074032703618010e-01, -4.846967363540889001e-02, -4.048728128935615012e-02, 2.310863380412110091e-01, 3.375495796723794462e-02
-7.313554583272387222e-02, 2.578516894899835488e-01, -1.729899104189809855e-01, -1.340205561040618831e-01, 4.508048459923363199e-02, -9.271134378346623794e-02, -1.344214000492146566e-01, 1.681330940637361659e-01, -7.526340643962171895e-02, -1.042525905062119257e-01, 1.568343853859507364e-01, -3.796926357103691529e-01, -5.425559153388725964e-02, -7.287775479214753105e-02, 4.172528303366870861e-01, -1.905180759089615192e-02
2.635068352827562785e-02, -5.005705866096721302e-02, 3.707812415379435622e-02, 3.872277528492968496e-02, -4.881175548817265342e-02, -1.535308974635537886e-02, 5.634235410319855808e-02, -2.096317805647629484e-02, 1.931884373845432767e-02, -2.781175284675426601e-02, -1.509164208102322172e-02, 1.168794245314775104e-01, -3.314876625010522437e-02, -1.001791572926070961e-02, -1.067046147045622312e-01, -5.131384239592909347e-02
-1.414528076664510747e-01, 5.223399051969239704e-01, -4.011096290795661545e-01, -3.942521225287821673e-01, 1.178721289095640279e-01, -2.559952019871522544e-01, -3.828046388698331248e-01, 3.584462861372731957e-01, -2.340459410703261411e-01, -1.619828695495714732e-01, 3.104101644540952498e-01, -9.913431328419021193e-01, -9.018028602335351196e-02, -1.785173244756440292e-01, 1.115890726940227617e+00, 8.876709491889336542e-03
